[[[1137.0, 444.0], [1290.0, 444.0], [1290.0, 499.0], [1137.0, 499.0]], ('OOS', 0.5678446888923645)]
[[[639.0, 699.0], [1246.0, 707.0], [1245.0, 758.0], [639.0, 750.0]], ('any questions please visit', 0.9605622887611389)]
[[[631.0, 746.0], [1254.0, 754.0], [1253.0, 797.0], [631.0, 789.0]], ('www.tesco.com/store-looator', 0.9812812209129333)]
[[[506.0, 829.0], [836.0, 829.0], [836.0, 880.0], [506.0, 880.0]], ('TESC0 GRLC500G', 0.9838820099830627)]
[[[1205.0, 836.0], [1338.0, 836.0], [1338.0, 895.0], [1205.0, 895.0]], ('02.50', 0.8789843320846558)]
[[[506.0, 880.0], [647.0, 880.0], [647.0, 923.0], [506.0, 923.0]], ('YOGURT', 0.9982645511627197)]
[[[1201.0, 884.0], [1338.0, 884.0], [1338.0, 939.0], [1201.0, 939.0]], ('1.45', 0.9984419941902161)]
[[[506.0, 923.0], [836.0, 923.0], [836.0, 974.0], [506.0, 974.0]], ('TESCO GRLC500G', 0.9818261861801147)]
[[[1205.0, 931.0], [1338.0, 931.0], [1338.0, 986.0], [1205.0, 986.0]], ('2.50', 0.9998048543930054)]
[[[498.0, 978.0], [812.0, 978.0], [812.0, 1017.0], [498.0, 1017.0]], ('CHICKEN DRUMS', 0.9963753819465637)]
[[[1204.0, 969.0], [1339.0, 979.0], [1335.0, 1034.0], [1200.0, 1024.0]], ('23.50', 0.869147002696991)]
[[[502.0, 1017.0], [788.0, 1017.0], [788.0, 1060.0], [502.0, 1060.0]], ('F/RANGE EGGS', 0.9975857138633728)]
[[[1209.0, 1012.0], [1339.0, 1022.0], [1334.0, 1081.0], [1204.0, 1071.0]], ('$2.10', 0.8915732502937317)]
[[[503.0, 1060.0], [784.0, 1064.0], [783.0, 1108.0], [502.0, 1103.0]], ('MULLCDRSPICE', 0.9776263236999512)]
[[[1205.0, 1064.0], [1342.0, 1064.0], [1342.0, 1119.0], [1205.0, 1119.0]], ('1.45', 0.9891484975814819)]
[[[502.0, 1104.0], [759.0, 1104.0], [759.0, 1147.0], [502.0, 1147.0]], ('DRIED YEAST', 0.9975064992904663)]
[[[1209.0, 1115.0], [1334.0, 1115.0], [1334.0, 1158.0], [1209.0, 1158.0]], ('0.85', 0.9996396899223328)]
[[[493.0, 1151.0], [693.0, 1142.0], [696.0, 1197.0], [496.0, 1206.0]], ('POTATOES', 0.9966012835502625)]
[[[1209.0, 1158.0], [1338.0, 1158.0], [1338.0, 1202.0], [1209.0, 1202.0]], ('E1.40', 0.8972908854484558)]
[[[502.0, 1194.0], [755.0, 1194.0], [755.0, 1237.0], [502.0, 1237.0]], ('PORK SLTCES', 0.950711190700531)]
[[[1205.0, 1198.0], [1338.0, 1198.0], [1338.0, 1253.0], [1205.0, 1253.0]], ('23.11', 0.9517288208007812)]
[[[502.0, 1245.0], [735.0, 1245.0], [735.0, 1288.0], [502.0, 1288.0]], ('CAFE LATTE', 0.966411292552948)]
[[[1205.0, 1241.0], [1338.0, 1241.0], [1338.0, 1296.0], [1205.0, 1296.0]], ('1.00', 0.9987834095954895)]
[[[498.0, 1288.0], [731.0, 1288.0], [731.0, 1331.0], [498.0, 1331.0]], ('CAFE LATTE', 0.8787266612052917)]
[[[1209.0, 1284.0], [1342.0, 1284.0], [1342.0, 1339.0], [1209.0, 1339.0]], ('1.00', 0.999845027923584)]
[[[494.0, 1335.0], [731.0, 1335.0], [731.0, 1378.0], [494.0, 1378.0]], ('CAFE LAtte', 0.6817888021469116)]
[[[1213.0, 1335.0], [1334.0, 1335.0], [1334.0, 1378.0], [1213.0, 1378.0]], ('1.00', 0.9995998740196228)]
[[[494.0, 1378.0], [731.0, 1378.0], [731.0, 1422.0], [494.0, 1422.0]], ('CAFE LATTE', 0.9321764707565308)]
[[[1205.0, 1374.0], [1342.0, 1374.0], [1342.0, 1429.0], [1205.0, 1429.0]], ('1.00', 0.9994626045227051)]
[[[483.0, 1413.0], [824.0, 1418.0], [823.0, 1473.0], [482.0, 1469.0]], ('W 40OG DAN WHT', 0.9029567837715149)]
[[[1209.0, 1422.0], [1342.0, 1422.0], [1342.0, 1477.0], [1209.0, 1477.0]], ('00.95', 0.9046783447265625)]
[[[486.0, 1469.0], [619.0, 1469.0], [619.0, 1512.0], [486.0, 1512.0]], ('BREAD', 0.9989264607429504)]
[[[1209.0, 1465.0], [1346.0, 1465.0], [1346.0, 1520.0], [1209.0, 1520.0]], ('20.59', 0.9993699789047241)]
[[[486.0, 1512.0], [727.0, 1512.0], [727.0, 1555.0], [486.0, 1555.0]], ('LAMB CHOPS', 0.9589815139770508)]
[[[1209.0, 1508.0], [1346.0, 1508.0], [1346.0, 1567.0], [1209.0, 1567.0]], ('4.25', 0.9981428384780884)]
[[[486.0, 1559.0], [731.0, 1559.0], [731.0, 1602.0], [486.0, 1602.0]], ('LAMB CHOPS', 0.9984245300292969)]
[[[1208.0, 1564.0], [1339.0, 1554.0], [1343.0, 1601.0], [1212.0, 1611.0]], ('4.25', 0.9995535612106323)]
[[[482.0, 1653.0], [603.0, 1653.0], [603.0, 1696.0], [482.0, 1696.0]], ('TOTAL', 0.9360522031784058)]
[[[1193.0, 1653.0], [1342.0, 1653.0], [1342.0, 1696.0], [1193.0, 1696.0]], ('32:90', 0.9084435701370239)]
[[[450.0, 1693.0], [848.0, 1693.0], [848.0, 1744.0], [450.0, 1744.0]], ('MULTIBUY SAVINGS:', 0.9480230808258057)]
[[[478.0, 1744.0], [795.0, 1739.0], [796.0, 1783.0], [478.0, 1787.0]], ('TOTAL ISAVINGS', 0.930066704750061)]
[[[1225.0, 1748.0], [1342.0, 1748.0], [1342.0, 1791.0], [1225.0, 1791.0]], ('-1.50', 0.9915622472763062)]
[[[475.0, 1786.0], [796.0, 1795.0], [795.0, 1838.0], [474.0, 1830.0]], ('cc Lamb chops', 0.9717743992805481)]
[[[1221.0, 1787.0], [1354.0, 1787.0], [1354.0, 1846.0], [1221.0, 1846.0]], ('-0.75', 0.978802502155304)]
[[[470.0, 1830.0], [796.0, 1830.0], [796.0, 1881.0], [470.0, 1881.0]], ('CC Lamb chops', 0.9935648441314697)]
[[[1221.0, 1838.0], [1354.0, 1838.0], [1354.0, 1881.0], [1221.0, 1881.0]], ('-0.75', 0.9934003949165344)]
[[[474.0, 1881.0], [783.0, 1881.0], [783.0, 1928.0], [474.0, 1928.0]], ('totAl to PAY:', 0.7029151320457458)]
[[[1213.0, 1877.0], [1354.0, 1877.0], [1354.0, 1932.0], [1213.0, 1932.0]], ('31.40', 0.9995207786560059)]
[[[1193.0, 1932.0], [1358.0, 1932.0], [1358.0, 1971.0], [1193.0, 1971.0]], ('31.40', 0.9970681071281433)]
[[[478.0, 2207.0], [715.0, 2207.0], [715.0, 2250.0], [478.0, 2250.0]], ('CHANGE DUE', 0.9719942808151245)]
[[[1209.0, 2207.0], [1330.0, 2207.0], [1330.0, 2250.0], [1209.0, 2250.0]], ('20.00', 0.8595761060714722)]
[[[434.0, 3051.0], [1410.0, 3051.0], [1410.0, 3157.0], [434.0, 3157.0]], ('A chance to win g_ 1000 Teco gi ft card', 0.9237971901893616)]
[[[1217.0, 3091.0], [1262.0, 3091.0], [1262.0, 3118.0], [1217.0, 3118.0]], ('T', 0.6969051957130432)]
[[[531.0, 3141.0], [1298.0, 3150.0], [1297.0, 3201.0], [530.0, 3193.0]], ('and collect.25 elubcard points.', 0.9144853949546814)]
[[[430.0, 3192.0], [1419.0, 3205.0], [1418.0, 3260.0], [430.0, 3247.0]], ("Visit www.tescoviews.com t's & c's apply", 0.9163071513175964)]
[[[439.0, 3298.0], [800.0, 3307.0], [799.0, 3362.0], [437.0, 3353.0]], ('1/12/21 18:37', 0.9793001413345337)]