([[1125, 433], [1310, 433], [1310, 521], [1125, 521]], 'Oos', 0.6047272073137056)
([[718, 535], [1140, 535], [1140, 680], [718, 680]], 'TESCQ', 0.56861643451036)
([[647, 712], [724, 712], [724, 751], [647, 751]], 'any', 0.999388028610106)
([[738, 708], [1111, 708], [1111, 758], [738, 758]], 'questfons please', 0.486666422964719)
([[1124, 711], [1249, 711], [1249, 760], [1124, 760]], 'vfslt', 0.6697329492042333)
([[634, 754], [711, 754], [711, 785], [634, 785]], 'www', 0.34701860932905443)
([[724, 745], [853, 745], [853, 794], [724, 794]], 'tesco', 0.9611527053895533)
([[861, 750], [1255, 750], [1255, 799], [861, 799]], 'cOl/store-Iocator', 0.5468484084703507)
([[502, 829], [837, 829], [837, 884], [502, 884]], 'TESCO GRLCSOOG', 0.8746901873468376)
([[1209, 841], [1335, 841], [1335, 890], [1209, 890]], '62,50', 0.37589721349181265)
([[501, 876], [650, 876], [650, 932], [501, 932]], 'YOGURT', 0.9955962297989248)
([[1206, 888], [1270, 888], [1270, 940], [1206, 940]], 'E1 _', 0.4411536700573409)
([[505, 920], [837, 920], [837, 975], [505, 975]], 'TESCO GRLCSOOG', 0.6775865421060457)
([[1202, 928], [1271, 928], [1271, 988], [1202, 988]], 'E2 _', 0.5699618458747864)
([[1273, 884], [1336, 884], [1336, 1029], [1273, 1029]], '8', 0.7125458628363504)
([[502, 970], [813, 970], [813, 1026], [502, 1026]], 'CHICKEN  DRUMS', 0.8112603873493195)
([[529, 1020], [790, 1020], [790, 1070], [529, 1070]], '{RANGE EGGS', 0.4713065626665243)
([[1202, 975], [1271, 975], [1271, 1077], [1202, 1077]], '82', 0.3867134353233094)
([[1277, 1023], [1335, 1023], [1335, 1076], [1277, 1076]], '10', 0.9996861047036653)
([[502, 1065], [787, 1065], [787, 1114], [502, 1114]], 'MULLCDRSPICE', 0.9996728675664208)
([[1203, 1065], [1335, 1065], [1335, 1120], [1203, 1120]], 'E1.45', 0.8954599151673617)
([[498, 1105], [763, 1105], [763, 1161], [498, 1161]], 'DRIED  YEAST', 0.46855926555949495)
([[1274, 1112], [1335, 1112], [1335, 1161], [1274, 1161]], '85', 0.9995096144953515)
([[499, 1150], [696, 1150], [696, 1202], [499, 1202]], 'POTATOES', 0.9985402239110256)
([[1201, 1107], [1275, 1107], [1275, 1210], [1201, 1210]], 'E0', 0.07710699462684828)
([[1280, 1156], [1338, 1156], [1338, 1205], [1280, 1205]], '40', 0.9999506042508738)
([[499, 1197], [763, 1197], [763, 1249], [499, 1249]], "PORK 'SLICES", 0.9896122629192163)
([[1205, 1193], [1336, 1193], [1336, 1253], [1205, 1253]], '23.11', 0.6494974846208198)
([[496, 1241], [737, 1241], [737, 1294], [496, 1294]], 'CAFE LATTE', 0.8753697214065134)
([[1209, 1238], [1338, 1238], [1338, 1294], [1209, 1294]], 'E1 . 00', 0.49616064734377624)
([[493, 1286], [737, 1286], [737, 1338], [493, 1338]], 'CAFE LATTE', 0.9936130506157934)
([[1208, 1279], [1342, 1279], [1342, 1342], [1208, 1342]], 'E1.00', 0.8392781110575465)
([[493, 1330], [737, 1330], [737, 1382], [493, 1382]], 'CAFE LATTE', 0.9991870403821466)
([[1208, 1326], [1342, 1326], [1342, 1386], [1208, 1386]], 'E1. 00', 0.41097631069662116)
([[493, 1377], [737, 1377], [737, 1429], [493, 1429]], 'CAFE LATTE', 0.6569813908281119)
([[1209, 1374], [1341, 1374], [1341, 1429], [1209, 1429]], 'E1.00', 0.6601409224194974)
([[492, 1426], [520, 1426], [520, 1465], [492, 1465]], 'W', 0.41443080755101747)
([[540, 1421], [825, 1421], [825, 1473], [540, 1473]], '40OG  DAN  WHT', 0.5139365941250811)
([[1209, 1424], [1341, 1424], [1341, 1476], [1209, 1476]], 'E0.95', 0.758668952652086)
([[490, 1468], [619, 1468], [619, 1517], [490, 1517]], 'BREAD', 0.9996911045534069)
([[1209, 1468], [1341, 1468], [1341, 1520], [1209, 1520]], '80.59', 0.48471082135078397)
([[486, 1500], [735, 1500], [735, 1563], [486, 1563]], 'LAMB CHOPs', 0.8319296821154137)
([[1212, 1512], [1344, 1512], [1344, 1565], [1212, 1565]], '84.25', 0.8790699144895693)
([[484, 1557], [734, 1557], [734, 1609], [484, 1609]], 'LAMB CHOPS', 0.7822651813189103)
([[1212, 1557], [1344, 1557], [1344, 1612], [1212, 1612]], 'E4.25', 0.9951223037785)
([[481, 1651], [613, 1651], [613, 1700], [481, 1700]], 'TOTAL:', 0.8975094672426747)
([[1188, 1648], [1347, 1648], [1347, 1700], [1188, 1700]], '532.90', 0.9179654508454889)
([[455, 1692], [849, 1692], [849, 1747], [455, 1747]], 'MULTIBUY: SAVINGS', 0.6288273040825955)
([[476, 1739], [799, 1739], [799, 1794], [476, 1794]], "TOTAL:: 'SAVINGS", 0.577252005573281)
([[1238, 1739], [1347, 1739], [1347, 1794], [1238, 1794]], '1.50', 0.9670764803886414)
([[473, 1786], [800, 1786], [800, 1843], [473, 1843]], 'CC Lamb chops', 0.6828673508739584)
([[1221, 1789], [1279, 1789], [1279, 1838], [1221, 1838]], '~0', 0.9758567989867164)
([[470, 1830], [796, 1830], [796, 1886], [470, 1886]], "CC Lamb: 'chops", 0.5499149586785486)
([[1239, 1837], [1278, 1837], [1278, 1882], [1239, 1882]], '0', 0.9999902248621453)
([[1285, 1785], [1353, 1785], [1353, 1887], [1285, 1887]], '75', 0.9997918009169262)
([[470, 1878], [769, 1878], [769, 1930], [470, 1930]], "TOTAL 'TO PAY", 0.7177595235218166)
([[1215, 1881], [1352, 1881], [1352, 1933], [1215, 1933]], '31.40', 0.9999774489876431)
([[1191, 1925], [1352, 1925], [1352, 1977], [1191, 1977]], '631.40', 0.3256893522194662)
([[473, 2202], [722, 2202], [722, 2257], [473, 2257]], 'CHANGE : DUE:', 0.7443093573588494)
([[1203, 2207], [1338, 2207], [1338, 2257], [1203, 2257]], 'E0.00', 0.648295790415476)
([[479, 3048], [1413, 3048], [1413, 3163], [479, 3163]], 'chance to Win 9 GIO00 Tesco gift card', 0.33947170367150187)
([[538, 3137], [1291, 3137], [1291, 3212], [538, 3212]], 'and co] ect 25 Clubcard pofnts_', 0.2466721167547843)
([[422, 3190], [558, 3190], [558, 3253], [422, 3253]], 'Visit', 0.9988097789429178)
([[572, 3199], [1029, 3199], [1029, 3259], [572, 3259]], 'Www , tescoviews, col', 0.544512000226652)
([[1041, 3203], [1173, 3203], [1173, 3255], [1041, 3255]], 't"s &', 0.34672629233333035)
([[1184, 3202], [1424, 3202], [1424, 3268], [1184, 3268]], "c '$ apply", 0.4482414068136149)
([[439, 3299], [626, 3299], [626, 3365], [439, 3365]], '1/12/21', 0.6600925885156609)
([[663, 3302], [800, 3302], [800, 3365], [663, 3365]], '18,37', 0.8261890494312322)