[[[824.0, 833.0], [1221.0, 833.0], [1221.0, 933.0], [824.0, 933.0]], ('moxx', 0.6602898836135864)]
[[[586.0, 975.0], [1309.0, 958.0], [1310.0, 1029.0], [588.0, 1046.0]], ('bia labels, small prices', 0.9818029403686523)]
[[[892.0, 1315.0], [1018.0, 1327.0], [1013.0, 1393.0], [886.0, 1382.0]], ('Sale', 0.8826413154602051)]
[[[317.0, 1413.0], [1011.0, 1391.0], [1013.0, 1458.0], [319.0, 1480.0]], ('ACCESSORIES & LIFESTYLE', 0.9821125268936157)]
[[[321.0, 1488.0], [686.0, 1479.0], [688.0, 1537.0], [322.0, 1546.0]], ('34/32.650169', 0.9870818257331848)]
[[[1403.0, 1536.0], [1588.0, 1509.0], [1599.0, 1585.0], [1413.0, 1611.0]], ('6.99.', 0.8028313517570496)]
[[[320.0, 1555.0], [608.0, 1541.0], [612.0, 1611.0], [324.0, 1626.0]], ('1 ITEMSS', 0.8203943967819214)]
[[[583.0, 1550.0], [820.0, 1550.0], [820.0, 1608.0], [583.0, 1608.0]], ('SUBTOTAL', 0.9944907426834106)]
[[[1426.0, 1600.0], [1587.0, 1600.0], [1587.0, 1662.0], [1426.0, 1662.0]], ('6.99', 0.9741285443305969)]
[[[325.0, 1621.0], [486.0, 1621.0], [486.0, 1696.0], [325.0, 1696.0]], ('TOTAL', 0.8261873126029968)]
[[[1398.0, 1679.0], [1603.0, 1679.0], [1603.0, 1738.0], [1398.0, 1738.0]], ('10.00', 0.9850033521652222)]
[[[317.0, 1692.0], [462.0, 1692.0], [462.0, 1767.0], [317.0, 1767.0]], ('Cashi', 0.8863913416862488)]
[[[1426.0, 1750.0], [1583.0, 1750.0], [1583.0, 1812.0], [1426.0, 1812.0]], ('23.01', 0.9228994250297546)]
[[[321.0, 1771.0], [514.0, 1771.0], [514.0, 1833.0], [321.0, 1833.0]], ('CHANGE', 0.9991092085838318)]
[[[450.0, 1838.0], [1490.0, 1816.0], [1491.0, 1887.0], [451.0, 1909.0]], ('Refund or Exchange available until', 0.9175209999084473)]
[[[803.0, 1905.0], [1124.0, 1895.0], [1126.0, 1962.0], [805.0, 1972.0]], ('23/04/2022', 0.9811204075813293)]
[[[333.0, 1979.0], [1578.0, 1962.0], [1579.0, 2037.0], [334.0, 2054.0]], ('Exclusions apply see overleaf for details', 0.9754822254180908)]
[[[494.0, 2050.0], [1430.0, 2037.0], [1431.0, 2112.0], [495.0, 2125.0]], ('Please retain for your"records.', 0.9721668362617493)]
[[[687.0, 2629.0], [1261.0, 2620.0], [1262.0, 2691.0], [688.0, 2700.0]], ('** CUSTOMER COPY **:', 0.9657535552978516)]