([[1339, 609], [1472, 609], [1472, 694], [1339, 694]], '"25', 0.2555520736473976)
([[630, 790], [1213, 790], [1213, 979], [630, 979]], 'Tkl@L', 0.07534106009482315)
([[584, 972], [924, 972], [924, 1046], [584, 1046]], 'bia Iabels ,', 0.6350515551839089)
([[1113, 957], [1317, 957], [1317, 1038], [1113, 1038]], 'prices', 0.9531505953701619)
([[884, 1322], [1024, 1322], [1024, 1396], [884, 1396]], 'Sa le', 0.880313755609558)
([[343, 1392], [1020, 1392], [1020, 1488], [343, 1488]], '{CcESSORIES & LIFESTYLE', 0.5673779306314227)
([[1414, 1377], [1591, 1377], [1591, 1456], [1414, 1456]], 'E6.99', 0.566689481276975)
([[318, 1471], [691, 1471], [691, 1557], [318, 1557]], '34/32 650169', 0.7731243333375335)
([[381, 1550], [546, 1550], [546, 1624], [381, 1624]], 'ITEMS', 0.949640776741303)
([[576, 1517], [837, 1517], [837, 1626], [576, 1626]], 'SuBTOTAL', 0.3490431893323549)
([[1403, 1525], [1587, 1525], [1587, 1599], [1403, 1599]], '#26,99', 0.7255780490556281)
([[324, 1621], [485, 1621], [485, 1707], [324, 1707]], 'TOTAL', 0.7460584448887777)
([[1419, 1597], [1590, 1597], [1590, 1671], [1419, 1671]], '26 , 99', 0.4051328164956338)
([[323, 1698], [458, 1698], [458, 1767], [323, 1767]], 'Cash', 0.7167398952653641)
([[1390, 1669], [1590, 1669], [1590, 1746], [1390, 1746]], '810.0O)', 0.13303192887694515)
([[322, 1765], [518, 1765], [518, 1837], [322, 1837]], 'CHANGE', 0.957433239774331)
([[1422, 1744], [1587, 1744], [1587, 1818], [1422, 1818]], '23,01', 0.222678042701853)
([[448, 1807], [1483, 1807], [1483, 1912], [448, 1912]], 'Refund or   Exchange available untij', 0.6161419599508576)
([[803, 1890], [1127, 1890], [1127, 1982], [803, 1982]], '23/04/2022', 0.5779477106318023)
([[332, 1960], [1595, 1960], [1595, 2065], [332, 2065]], "'Exclusions -apply see overleaf for dletails.", 0.5029650452628079)
([[493, 2033], [1427, 2033], [1427, 2125], [493, 2125]], "'Please' retain fur vour' records.", 0.5228931979628308)
([[769, 2625], [1177, 2625], [1177, 2699], [769, 2699]], 'CUS TOMER Cchpy', 0.380229022782533)
([[1192, 2636], [1266, 2636], [1266, 2688], [1192, 2688]], '#', 0.995247421416682)
([[1087, 2734], [1209, 2734], [1209, 2743], [1087, 2743]], '~l-EilentI s', 0.00028435478741897286)
([[938.2645563374507, 971.1905035185284], [1102.1070830318401, 959.3272121244852], [1102.7354436625492, 1031.8094964814716], [938.8929169681597, 1043.6727878755148]], 'sma1 1', 0.4779331096932302)