([[608, 565], [1116, 565], [1116, 694], [608, 694]], 'TESCO', 0.9994600920179031)
([[718, 684], [806, 684], [806, 721], [718, 721]], '22', 0.12610198604516604)
([[912, 687], [999, 687], [999, 728], [912, 728]], '457', 0.7813932085889439)
([[607, 826], [758, 826], [758, 883], [607, 883]], 'quost-', 0.5419856361490728)
([[770, 829], [1051, 829], [1051, 889], [770, 889]], 'on)s p/eas2', 0.37268300210531907)
([[1066, 829], [1211, 829], [1211, 889], [1066, 889]], 'visit', 0.9807899299650812)
([[503, 887], [599, 887], [599, 928], [503, 928]], 'Wtvkv _', 0.3179849995272492)
([[613, 882], [1236, 882], [1236, 942], [613, 942]], 'tesco_comstore-locato', 0.38749672077372577)
([[363, 1036], [585, 1036], [585, 1093], [363, 1093]], '(etaphi l', 0.6985377381371082)
([[606, 1034], [1158, 1034], [1158, 1098], [606, 1098]], 'Gentla Skin Cleanser', 0.7894371511046269)
([[1305, 1049], [1450, 1049], [1450, 1100], [1305, 1100]], 'E8, 50', 0.5034848424266217)
([[367, 1089], [507, 1089], [507, 1144], [367, 1144]], '226m|', 0.49181792158546966)
([[391, 1145], [705, 1145], [705, 1205], [391, 1205]], 'Cc Skincale', 0.8521158710607387)
([[1286, 1149], [1457, 1149], [1457, 1204], [1286, 1204]], '~E2.83', 0.9674105751283394)
([[363, 1201], [1189, 1201], [1189, 1267], [363, 1267]], 'Stmple Kind To Skin Refieshing', 0.6819240004355418)
([[1304, 1201], [1455, 1201], [1455, 1264], [1304, 1264]], 'E1.49', 0.4022979294071657)
([[362, 1251], [805, 1251], [805, 1317], [362, 1317]], 'Sholver Gel  SOOml', 0.32571627541654613)
([[256, 1360], [487, 1360], [487, 1423], [256, 1423]], 'Subtotal', 0.8554355849860509)
([[1308, 1367], [1457, 1367], [1457, 1422], [1308, 1422]], 'E9.99', 0.9945091594213328)
([[256, 1415], [489, 1415], [489, 1488], [256, 1488]], 'Savings:', 0.9998583402859299)
([[1286, 1424], [1457, 1424], [1457, 1479], [1286, 1479]], '~E2 . 83', 0.40483259867675603)
([[338, 1473], [647, 1473], [647, 1538], [338, 1538]], 'Pr omotions:', 0.8214086825512754)
([[1308, 1480], [1457, 1480], [1457, 1535], [1308, 1535]], 'E2 .83', 0.484087569580802)
([[257, 1582], [430, 1582], [430, 1642], [257, 1642]], 'ToTAL:', 0.524699623572364)
([[1308, 1589], [1457, 1589], [1457, 1644], [1308, 1644]], '87.16', 0.4098615949870392)
([[334, 1637], [465, 1637], [465, 1699], [334, 1699]], 'Card', 0.9994814714717121)
([[1308, 1642], [1454, 1642], [1454, 1697], [1308, 1697]], '27.16', 0.49128570633338775)
([[396, 2364], [572, 2364], [572, 2419], [396, 2419]], 'chance', 0.9999815065058741)
([[589, 2361], [763, 2361], [763, 2416], [589, 2416]], 'to win', 0.4487281920364132)
([[779, 2369], [811, 2369], [811, 2408], [779, 2408]], 'a', 0.9977214217978805)
([[823, 2354], [1408, 2354], [1408, 2420], [823, 2420]], '8100J Tesco gift card', 0.7025763926200564)
([[451, 2415], [761, 2415], [761, 2475], [451, 2475]], 'and col lect', 0.9614430169532503)
([[776, 2409], [1283, 2409], [1283, 2472], [776, 2472]], '25 Clubcard points.', 0.5564736316510454)
([[313, 2470], [464, 2470], [464, 2530], [313, 2530]], 'Vist', 0.9991095662117004)
([[479, 2470], [980, 2470], [980, 2530], [479, 2530]], 'WWw. tescoviews.cQil', 0.42891073566069987)
([[992, 2471], [1085, 2471], [1085, 2519], [992, 2519]], "1'S", 0.37023225848307306)
([[1100, 2468], [1137, 2468], [1137, 2515], [1100, 2515]], '&', 0.8852361001619329)
([[1152, 2471], [1244, 2471], [1244, 2519], [1152, 2519]], 'C" $', 0.5372956991195679)
([[1260, 2463], [1417, 2463], [1417, 2523], [1260, 2523]], 'apply .', 0.7645873568609215)
([[285, 2823], [736, 2823], [736, 2890], [285, 2890]], '19/03/2022 17:21', 0.9813362797392708)
([[1266.817871102149, 450.0701172580506], [1376.7943271533084, 468.23976787114503], [1360.182128897851, 553.9298827419494], [1250.2056728466916, 536.760232128855]], '36', 0.5198403171203694)
([[508.98055850095415, 816.0872393055339], [600.5366597820722, 829.6879882228709], [590.0194414990459, 885.9127606944661], [498.46334021792774, 872.3120117771291]], 'Any', 0.9998070157497693)