([[540, 363], [833, 363], [833, 426], [540, 426]], 'Sirply Fresh', 0.9158213621147762)
([[1058, 366], [1194, 366], [1194, 451], [1058, 451]], '37', 0.9969583541834409)
([[269, 821], [513, 821], [513, 872], [269, 872]], 'STRAWBERRY', 0.7766926014435204)
([[528, 821], [678, 821], [678, 872], [528, 872]], 'THISTS', 0.3032722622027952)
([[1063, 810], [1160, 810], [1160, 861], [1063, 861]], '1,00', 0.5346433319365347)
([[273, 874], [393, 874], [393, 919], [273, 919]], 'HAM &', 0.6178969802386672)
([[411, 866], [791, 866], [791, 923], [411, 923]], 'CHEESE CROISSANT', 0.989677377446642)
([[1058, 861], [1160, 861], [1160, 915], [1058, 915]], '2 ,20', 0.9729842187844847)
([[272, 924], [513, 924], [513, 975], [272, 975]], 'DFE CKTAIL', 0.7789456607675511)
([[528, 918], [812, 918], [812, 972], [528, 972]], 'FTFURTER PhI', 0.26196101447661274)
([[1063, 912], [1160, 912], [1160, 966], [1063, 966]], '1,Ga', 0.10512951016426086)
([[320, 1021], [539, 1021], [539, 1074], [320, 1074]], 'Suh-total', 0.9949211906846617)
([[670, 1023], [696, 1023], [696, 1064], [670, 1064]], '3', 0.9741745869630638)
([[716, 1018], [841, 1018], [841, 1069], [716, 1069]], 'itens', 0.9998298796520523)
([[1103, 1021], [1162, 1021], [1162, 1069], [1103, 1069]], '20', 0.9781245430203094)
([[297, 1126], [448, 1126], [448, 1177], [297, 1177]], 'Anount', 0.9881809524152744)
([[463, 1126], [610, 1126], [610, 1180], [463, 1180]], 'to pay', 0.6130061821320816)
([[1066, 1123], [1140, 1123], [1140, 1171], [1066, 1171]], '.20', 0.8866073358231518)
([[322, 1222], [845, 1222], [845, 1286], [322, 1286]], 'Paynent by CREDIT  CAAD', 0.6488858839357651)
([[1061, 1226], [1165, 1226], [1165, 1274], [1061, 1274]], '4,20', 0.9986110329627991)
([[325, 1278], [477, 1278], [477, 1335], [325, 1335]], 'Change', 0.9977290564458807)
([[1061, 1274], [1165, 1274], [1165, 1325], [1061, 1325]], '0,00', 0.9309354424476624)
([[209, 2242], [659, 2242], [659, 2350], [209, 2350]], 'G 0 0 D $', 0.738155558962931)
([[784, 2242], [1032, 2242], [1032, 2330], [784, 2330]], '24,20', 0.38535258739077377)
([[214, 2386], [516, 2386], [516, 2448], [214, 2448]], 'PLEASE DEBIT', 0.8079640468711989)
([[526, 2368], [1182, 2368], [1182, 2441], [526, 2441]], 'hy Account WITH TOTAL Shown', 0.17818939741737283)
([[217, 2483], [423, 2483], [423, 2550], [217, 2550]], '10/04/22', 0.8190288990993004)
([[508, 2487], [636, 2487], [636, 2541], [508, 2541]], '17:40', 0.8026146624813596)
([[219, 2535], [731, 2535], [731, 2599], [219, 2599]], 'This transaction used', 0.9582371129269983)
([[744, 2540], [773, 2540], [773, 2576], [744, 2576]], 'a', 0.9990982658880654)
([[788, 2520], [1084, 2520], [1084, 2580], [788, 2580]], 'self-service', 0.7136587761698062)
([[1095, 2521], [1197, 2521], [1197, 2569], [1095, 2569]], 'till', 0.9992660284042358)
([[481, 2631], [847, 2631], [847, 2691], [481, 2691]], 'Cardholder copY', 0.8327292796167933)
([[218, 2679], [823, 2679], [823, 2751], [218, 2751]], 'Please keep this copy for', 0.7069724494170442)
([[835, 2669], [1130, 2669], [1130, 2738], [835, 2738]], 'your records', 0.7786838422206667)
([[412, 2825], [1013, 2825], [1013, 2894], [412, 2894]], 'Thank You For Shopping At', 0.9432594680221179)
([[578, 2882], [876, 2882], [876, 2943], [578, 2943]], 'Sinply Fresh', 0.9861599656536503)
([[559, 2937], [661, 2937], [661, 2985], [559, 2985]], 'Have', 0.8289150931065193)
([[673, 2932], [920, 2932], [920, 2989], [673, 2989]], 'A Hice Day', 0.6808243521229387)