[[[544.0, 364.0], [832.0, 364.0], [832.0, 418.0], [544.0, 418.0]], ('Sirply Fresh', 0.9571583867073059)]
[[[1042.0, 809.0], [1162.0, 809.0], [1162.0, 862.0], [1042.0, 862.0]], ('1.00', 0.9178066253662109)]
[[[266.0, 820.0], [679.0, 820.0], [679.0, 869.0], [266.0, 869.0]], ('STRAWBERRY TWISTS', 0.9203715324401855)]
[[[259.0, 862.0], [795.0, 858.0], [795.0, 922.0], [259.0, 927.0]], ('HAM & CHEESE CROISSANT', 0.946357011795044)]
[[[1028.0, 862.0], [1159.0, 862.0], [1159.0, 915.0], [1028.0, 915.0]], ('2.20', 0.9979318380355835)]
[[[266.0, 919.0], [814.0, 919.0], [814.0, 972.0], [266.0, 972.0]], ('DFE CKTAIL F/FURTER PH1', 0.9760275483131409)]
[[[1058.0, 919.0], [1162.0, 919.0], [1162.0, 968.0], [1058.0, 968.0]], ('1.00', 0.9400119185447693)]
[[[662.0, 1009.0], [841.0, 1018.0], [838.0, 1072.0], [659.0, 1062.0]], ('3 itens', 0.9995452761650085)]
[[[315.0, 1021.0], [532.0, 1021.0], [532.0, 1063.0], [315.0, 1063.0]], ('Suh-total', 0.9812282919883728)]
[[[1058.0, 1014.0], [1162.0, 1014.0], [1162.0, 1071.0], [1058.0, 1071.0]], ('4.20', 0.9997942447662354)]
[[[296.0, 1128.0], [611.0, 1128.0], [611.0, 1177.0], [296.0, 1177.0]], ('Anount to pay', 0.9882211089134216)]
[[[1039.0, 1124.0], [1144.0, 1124.0], [1144.0, 1173.0], [1039.0, 1173.0]], ('4.20', 0.9998533129692078)]
[[[319.0, 1227.0], [844.0, 1222.0], [844.0, 1276.0], [319.0, 1280.0]], ('Payment by CREDIT CARD', 0.9609403014183044)]
[[[1058.0, 1219.0], [1166.0, 1219.0], [1166.0, 1276.0], [1058.0, 1276.0]], ('4.20', 0.9997876882553101)]
[[[321.0, 1271.0], [477.0, 1281.0], [474.0, 1334.0], [318.0, 1324.0]], ('Change', 0.9992151260375977)]
[[[1058.0, 1272.0], [1166.0, 1272.0], [1166.0, 1329.0], [1058.0, 1329.0]], ('0.00', 0.9999912977218628)]
[[[779.0, 2249.0], [1022.0, 2239.0], [1025.0, 2319.0], [782.0, 2328.0]], ('4.20', 0.9998906850814819)]
[[[213.0, 2267.0], [655.0, 2255.0], [657.0, 2323.0], [215.0, 2336.0]], ('G O O D S', 0.8157194256782532)]
[[[209.0, 2393.0], [1176.0, 2361.0], [1178.0, 2414.0], [211.0, 2446.0]], ('PLEASE DEBIT MY ACCOUNT WITH TOTAL SHOWN', 0.9627548456192017)]
[[[218.0, 2491.0], [424.0, 2491.0], [424.0, 2544.0], [218.0, 2544.0]], ('10/04/22', 0.9993012547492981)]
[[[499.0, 2491.0], [638.0, 2491.0], [638.0, 2533.0], [499.0, 2533.0]], ('17:40', 0.9822351336479187)]
[[[209.0, 2537.0], [1199.0, 2505.0], [1201.0, 2570.0], [211.0, 2602.0]], ('This transaction used a self-service till', 0.9960144758224487)]
[[[484.0, 2635.0], [851.0, 2635.0], [851.0, 2684.0], [484.0, 2684.0]], ('Cardholder copy', 0.9980056285858154)]
[[[213.0, 2692.0], [1124.0, 2669.0], [1125.0, 2722.0], [215.0, 2746.0]], ('Please keep this copy for your records', 0.9877671599388123)]
[[[408.0, 2829.0], [1012.0, 2817.0], [1013.0, 2881.0], [410.0, 2894.0]], ('Thank You For Shopping At', 0.9862060546875)]
[[[570.0, 2882.0], [873.0, 2878.0], [874.0, 2931.0], [570.0, 2935.0]], ('Sinply Fresh', 0.9741320013999939)]
[[[555.0, 2935.0], [919.0, 2935.0], [919.0, 2984.0], [555.0, 2984.0]], ('Have A Hice Day', 0.9737622141838074)]