([[740, 986], [1179, 986], [1179, 1055], [740, 1055]], 'Brands Bigl Savitgs', 0.4340549078675387)
([[737, 1074], [989, 1074], [989, 1137], [737, 1137]], 'DRM Retail', 0.30803407147987244)
([[1002, 1082], [1090, 1082], [1090, 1133], [1002, 1133]], '1.tcl', 0.2096202546009367)
([[332, 1210], [905, 1210], [905, 1283], [332, 1283]], 'SOREEN L/BOX /SFK   W /CHOC', 0.47346449194648965)
([[624, 1272], [663, 1272], [663, 1317], [624, 1317]], '2', 0.5375212305054283)
([[674, 1281], [703, 1281], [703, 1316], [674, 1316]], 'X', 0.9650766180005945)
([[767, 1266], [831, 1266], [831, 1320], [767, 1320]], '00', 0.2033580670013537)
([[1366, 1261], [1420, 1261], [1420, 1313], [1366, 1313]], '{2', 0.22533419610388214)
([[1435, 1253], [1497, 1253], [1497, 1307], [1435, 1307]], '00', 0.2810528235538945)
([[337, 1303], [835, 1303], [835, 1376], [337, 1376]], 'SIMPLE SQAP 2Pk/iZ5G', 0.27563240373312986)
([[676, 1373], [703, 1373], [703, 1408], [676, 1408]], 'X', 0.540141961570967)
([[720, 1358], [831, 1358], [831, 1415], [720, 1415]], '0,89', 0.545671284198761)
([[1371, 1358], [1400, 1358], [1400, 1405], [1371, 1405]], 'f', 0.6560731605890489)
([[1364, 1343], [1510, 1343], [1510, 1458], [1364, 1458]], '#2,63', 0.4752224890978252)
([[333, 1401], [811, 1401], [811, 1470], [333, 1470]], 'PEARS SOAP 1OOGL4FK', 0.17148482587882596)
([[335, 1450], [765, 1450], [765, 1516], [335, 1516]], 'MIRACLE GRQ/SOLTR', 0.6782200193941182)
([[1371, 1440], [1505, 1440], [1505, 1497], [1371, 1497]], '17.49', 0.2442928200470307)
([[337, 1546], [469, 1546], [469, 1608], [337, 1608]], 'Total', 0.999579730960551)
([[726, 1538], [877, 1538], [877, 1594], [726, 1594]], 'items)', 0.9993524385861208)
([[1345, 1518], [1518, 1518], [1518, 1593], [1345, 1593]], 'f14345', 0.5875136290775224)
([[333, 1590], [514, 1590], [514, 1652], [333, 1652]], 'PAID BY', 0.9799091318097471)
([[336, 1645], [442, 1645], [442, 1699], [336, 1699]], 'Cash', 0.9999808669090271)
([[1358, 1661], [1526, 1661], [1526, 1724], [1358, 1724]], 'Ff0).55', 0.15037019763501822)
([[336, 1691], [493, 1691], [493, 1748], [336, 1748]], 'Change', 0.9981379031872071)
([[532, 2033], [903, 2033], [903, 2114], [532, 2114]], '24/04/22 15:38', 0.6441439488972254)
([[635, 2116], [1237, 2116], [1237, 2203], [635, 2203]], "NO' REFiNDs @R EXcHANGES;", 0.24012967228132417)
([[512, 2167], [1362, 2167], [1362, 2251], [512, 2251]], "WITHOUT 'A-VALId PROCF of  PURCHASE", 0.19230468552923366)
([[412, 2231], [655, 2231], [655, 2295], [412, 2295]], 'Check out', 0.9823443744320054)
([[764, 2219], [1495, 2219], [1495, 2307], [764, 2307]], 'App on IOS or Android Phones', 0.6886192746076812)
([[1358, 2278], [1456, 2278], [1456, 2335], [1358, 2335]], '6S', 0.07890399737240035)
([[644.9074644389061, 990.1003079700932], [735.54030150773, 1001.696728586674], [727.0925355610939, 1055.8996920299069], [635.45969849227, 1043.303271413326]], 'Big', 0.9931924147212258)
([[1354.2103500411843, 1626.2731201317897], [1517.5242875476613, 1613.6585801122494], [1518.7896499588157, 1669.7268798682103], [1355.4757124523387, 1682.3414198877506]], 'E15.00', 0.5194087506684337)
([[667.3070020560507, 2248.2438069905725], [753.8467456871552, 2240.4631855796433], [755.6929979439493, 2293.7561930094275], [670.1532543128448, 2301.5368144203567]], 'Ouit', 0.3335670232772827)